function [ hwy45 ] = hwy45nodes()
hwy45 = [6770
    6771
    6773
    6772
    6775
    6774
    7281
    7280
    7270
    7269
    7278
    7279
    7277
    7268
    7272
    7273
    7274
    7271
    6762
    6761
    6760
    6759
    2170
    2168
    2191
    2173
    6755
    6756
    6757
    6758
    6753
    6754];
end

