function [i35] = i35nodes()
i35 = [1096
    1468
    1473
    1442
    1444
    1440
    1443
    1485
    1486
    1497
    1496
    1495
    1450
    1458
    1457
    1461
    1514
    1547
    1545
    1510
    1512
    1513
    1567
    1516
    1538
    1517
    1537
    1598
    1590
    1651
    1642
    1636
    1609
    1613
    1608
    1612
    1686
    1291
    1266
    1267
    1290
    1804
    1926
    1816
    1922
    1984
    1815
    1990
    1985
    1996
    1977
    1968
    1976
    6402
    6401
    1969
    6400
    1997
    1652
    2001
    1955
    1947
    2012
    1954
    2036
    2037
    2035
    2039
    2022
    2024
    2023
    2047
    2048
    2045
    2021
    2055
    2047
    2045
    2043
    1832
    2050
    1822
    1831
    2118
    1823
    2113
    2117
    2115
    2073
    2086
    2085
    2074
    2143
    2139
    2129
    2138
    2158
    2156
    2155
    7464
    2101
    2157
    2103
    2102
    2100
    2184
    2188
    2185
    2167
    2171
    6760
    6759
    2170
    2168
    2177
    2786
    7285
    2172
    2202
    2199
    2194
    2197
    1713
    2201
    1717
    1712
    1716
    2425
    2429
    2431
    6441
    6440
    2434
    1762
    1720
    1721
    1761
    2965
    2917
    2967
    2948
    2957
    2954
    2956
    2978
    2860
    2862
    2861
    2859
    3107
    3104
    3031
    3003
    3030
    3004
    6142
    3180
    3179
    3224
    3218
    3211
    3212
    3217
    3036
    3044
    3037
    3290
    3043
    3284
    3285
    3283
    3292
    3248
    3241
    3242
    3247
    3347
    3346
    6146
    6145
    3320
    3319
    3264
    3318
    2792
    2787
    6147
    6148
    6144
    2786
    2791
    3849
    3853
    3850
    3838
    3832
    3837
    3833
    3842
    3843
    3787
    3783
    3782
    3874
    3553
    3873
    3556
    3552
    4230
    3555
    4166
    4163
    4162
    4165
    6130
    4286
    4281
    6131
    4272
    6154
    4280
    4251
    4246
    4249
    4250
    4299
    4298
    3569
    4300
    3592
    3573
    6161
    3574
    4384
    6160
    3573
    3591
    4413
    4384
    4374
    4383
    4389
    4375
    4391
    4392
    4467
    4464
    1176
    4477
    1175
    1177
    1178
    5113
    5117
    5116
    5112
    5046
    5044
    6168
    6167
    5045
    5047
    5132
    5126
    6169
    5131
    5127
    6095
    6096
    4914
    4944
    6100
    4913
    4943
    6102
    5250
    5249
    5256
    5257
    5238
    5236
    5157
    5149
    5148
    6171
    6170
    7462
    7461
    5156
    5150
    5213
    5217
    5209
    5212
    5210
    5194
    5200
    5195
    5224
    5199
    5222
    4852
    4865
    4853
    5314
    4864
    5304
    5302
    6172
    6173
    5303
    5301
    5321
    5318
    6442
    6443
    5319
    5286
    5279
    5280
    5356
    5285
    5348
    5353
    5349
    5359
    5352
    5329
    5342
    5328
    5344
    5341
    5368
    4610
    4598
    4608
    4609
    5915
    5914
    5521
    5517
    5475
    5477
    5474
    5476
    5543
    5534
    5542
    5535
    5562
    5564
    5563
    5489
    5488
    5487
    5588
    5592
    5581
    5587
    5582
    5586
    5594
    1077
    5486
    5567];
end

