function [ rt21 ] = rt21nodes()
rt21 = [6086
    6085
    6087
    6088
    6089
    6090
    2734
    2691
    6438
    2690
    6437
    2697
    2698
    1697
    1742
    1967
    1965
    2060
    1950
    1949
    1973
    7373
    1972
    6792
    1272
    6405
    1271
    1691
    1432
    1431
    1681
    1600
    1263
    1289
    1685
    1612
    1601
    1610
    1608];
end

