function [sh130] = sh130nodes()
sh130 = [6039
    6038
    6033
    6034
    6027
    6028
    6024
    6025
    6020
    6019
    6014
    6013
    6012
    6011
    6010
    6007
    6005
    6888
    6889
    6945
    6946
    6931
    6932
    6934
    6935
    6939
    6937
    6938
    6940
    6824
    6927
    6916
    6919
    6912
    6911
    6914
    6910
    6909
    6907
    6908
    6902
    6903
    6900
    6901
    6897
    6896
    6894
    6895
    7338
    7337
    7335
    7340
    6890
    6891
    5978
    5979
    5977
    5976
    5972
    5973
    6881
    6884
    6877
    6878
    6871
    6872
    6851
    6852
    6847
    6846
    6844
    6845
    6842
    6841
    6839
    6840
    6837
    6836
    6834
    6835
    6830
    6831
    6829
    6827
    6826
    6825
    6823
    6824
    5939
    5938
    5936
    5935
    5933
    5934
    5925
    5926
    5923
    5922
    5915
    5914
    6040
    6037
    6043
    6044
    6046
    6045
    6050
    6049
    6051
    6052
    6053
    6054
    7264
    6057
    6058
    6059
    6060
    6770
    6771
    6067
    6066
    6071
    6070
    6075
    6074
    6082
    6081
    6086
    6085];
end

